 26 26  3 39     19  0 37 39     37 18 34  9     34 19  0 26     37 26 19  3      0 33  5  0     30 12 39  3     34 26 18 37     34 12 23  0     12 23  6 37 
 34  5 26 23     26  3  9 37     12 32  0  6     33 33  6 34     23 39  0  5     34  0 32 39     39 12 37 37     30 37  9 18      9 18 39 26      3 32 12 18 
  9 23  3 37     32 26  9 34      0  3 37 34     37 30 19 12     32 12 30 37     33 18 39 34     26 37 37 23     37 12 26 18     34 32 32 12     12  9 37 32 
  5 37  3  9      3 37  0 18     37  9  0  3     19  5 33  3      0 37 39 26     18 33 26 12     26 37 32  0     34 34 19  0     26  0 19 19     12 33  0  0 
 26  9 12 39      9 34 23 18     23 34 37 32     26 23 26  3     33 34  0 26      6 32  5 19      3 34 37  0     32 32 32  5      0 19  3  0     32 18  3 26 
 34 23 26 26     23 39 33 39     39 33  5 23      9 33 12 30     34 32  9 34     37 23 39  5      3 37 33 32     33  0  9 34     19 23 34 39     23 39 26  0 
  9  0 19 30     12 37  0 33      0 18 34 18      9  6 26 32     30 37 37 26      0  9 37  9      9 32 39  3     34  3 23 18      5 30 18  5      3 39 39 33 
 18 30 30 12     19  5  0 19      3  6  5 26     39  9 39 30     18  0 12 23      9 19 19 34     18 33 18  9     34 32  3  0     12 39 18  3     12 12  0  5 
 18 19  9 32      6  6  5  0     12 37 37 37     39  6 34 34     26 19 12  5      6  0  9 39      6 19  5 39     26  0  5 19      9 33 37 18     32  3  9 37 
 37 30 12  0      3 37 32 23     19  0  0 32     12 19  9  3      9 30 39 12     37 23 37 33     12  0 26 23     39 30  3  0     39 30 30 26     37  6  0 12 
