 34 34 17  6     17 37  0  9     20 34 26 26     17 26  9  8      4 37 14  0     14  8 20 24     26  0  4  8      8  8  0  4     11 28 11  4     11  9 24 34      8 26  4  7 
 17 26 28 34      7 15 15  8     20 14  0 20      6 37  4  6      8  8  9 28      9 37  7 17     14  4 26 24     24 24 24  0     26 24  8 34     14 34 15 24      8 12 11 26 
 17 12  0  6     20 15 17 17      8 12 20 24      4  0 28  8     24  6  0  0     11 15 15 28      9  9 14 26     26 20 37 28      4  0 14 26      4 20  7 28     14  0 12 26 
 11  7  0  6     17  8 24  7      8  9  6  7     24 37 17 17      9 28  8  4      6 12  9 26      7 14 17 28     26 20  7  9      4  0  6  8     14  8 34  0      7 17 24  0 
  8 28 37 34     28  4  0  4     20  4 34 17      0  9 34  9     11 17  9 12     12 28 15 17     24  7  0 37     11 28 37 28      7  4  0 37      4  9  8 20     37  6 34  8 
 24 37 26  9     12  6 26 12     37 26 15  9     26 24  0 14     17  8 28 11     11  4 12  8      8 15 11 26     11 14 24  9      4 11 20  0     17 37 26 34     34  6  0  9 
  7 26  8 34     24  8 26  8      8 17 17 17      0  4 26  6     24  4  0  7     12  0  8 37     14  0  8 17     11  4 14 37      6 34 24  0      0  4  9  9      4 37 28  9 
 20 34 11  6     17 28 15  8      6  9 12 12      8  4  6 26      6  9 20  7      8 37 12 28      0 34 17 28     37 11 37  0      6  0  0  4     28 26 15 26      8 26 26 37 
  7 17 11 34     26  4  0  6     24  4  9 17     12  9 24  9      8  0 11  6      9 26 26 37      6 11  0 26     24  9 12  8     28  6 17  9     37 26  7  7     11 12  6 24 
 11 20 14 11     15 14 28 37     11 15 28  7     24 28  6 15     17 28  6  7      4  0 37  6      9  0  0 14     15 28 15 20     15 37 15  4     12 24  0  0     24  6 24  6 
 26 37  0 24      9 14  7  4     17 34 26 28      6  7  7 15     24 26 37 11      9 37  0 24     17 15  4  7     26 24 24  6      8 37 11  9      8 11 28  8      6  0 24  8 
