 23  0  0 20     34 34  0 34     11 14  1  3     13 21 18  3      7  3  7  0     28  0 14 25     25 33 38 18      0 23 20 14     18 11  7 28     23  0 20  1     38 11 28 33     38  3 32 28 
 28  1 28  1     23 28 32 18     32 23 20 14     34 33 25  8     13  7 28 28     38  8  0 34     21  3 10 13     25  0 23 28      7 11 10 18      1  8 25 33      3 10 32 25     11 25 20  3 
 34  1  7 34     21 32  1  1     32 14  0 33      0 14 13 10     32 32  0 21     34 13  3 21     38  7 14  0      8  0  3  7      7  0 21 18      3 38 25 28     14 13  7  3     38  8 32 25 
 33 38 38 28     34 33 32 25     10  7 11 23     18 18  0 38      3 21  0 11     11 38  1 32     11 34 18 28     28 14  0  8      7 14 18 25     25  7 20  3     14 33 23 32     28 34 38 21 
 28 33 11 33     14 13 11  1     25 38 11 20     21 23 13 25     28 13 25 18     23 25 20  1     34  0 32 13      8  8 21  0     10  3 13  7     10 25 18 32     34  0  0 33      0  8 32 32 
  8 20 20 23     23 21 38 13     28 14 20 38     11  0  7 33     23 18 34  7      0 18 33  0     18 28 28 14     25 28 18 21     25 23 28 38     28 13 38 21     34  1  8 34     21 25 23 21 
 33 20  0 10     38 14  3 33     28  8  3 28     18 33 33 21     23 18 13 23      7 38  7 13     25 13 14 18     28 38 11  8     10 32 18  1     32 34 28 13     18 38  1 33     25  1 18  7 
 21 20 21  7     20  3 10  8     38 20  8  0     34  3 33 38     10 10 21  0     13  7  8 14     21 13 14  3     21 28 20 23     23 32 18 21     23 14  7 38     32  8 28 34     18 23 38  0 
  7 38 34  7      3 28 21  0     28 38 14  8     10 28  1 13     25 11 38  0     25 25 14  7      8 34 21  0      1 10  0 32     14 13 33  0     20  0 28 25     14 25 28 13      8 14  0 34 
  7 33 33 32      3 38  0 21     18  0 21  1     28 21  3 34     28  7 28 10     14  8 34 32     21 38 11 18      8 25  1 38     32 20 34  7     34 13 34  8     34 34 33  3     28 10 14 32 
  3  0  0 10     23 23 34 32      1  8  0 14     25  3 33 25     14 14 13  0     11 11 33 14      0  7 28 10      1  3 14 25     21 20 28 38     20 21 28 28     34 34 38  3      3  3  7 20 
 38  7  0 13     32 33 20 20     32 20 28 28      7 34 28 21      1 34 33 21     21 13 18  0     38 38 28  3      3  0 25 34     25  0 18 23     25 20 33 25     20 25 21 14     11 34  3 11 
